충원 합격
모집
인원
지원
인원 경쟁률 국어
백분위
수학
백분위
탐구평균
백분위
영어
등급
백분위
평균2) 환산총점3) 영어
등급
백분위
평균2) 환산총점3)
예비번호4)
국어국문학과 6 170 28.33 : 1 87.0 63.2 83.3 2.8 77.8 795.6 3.0 83.0 795.5 3
영어영문학과 12 78 6.50 : 1 83.8 72.0 76.3 2.6 77.4 796.1 3.0 76.8 792.5 11
독어독문학과 6 58 9.67 : 1 84.5 68.0 80.2 3.2 77.6 790.7 4.0 79.8 788.5 0
불어불문학과 7 48 6.86 : 1 79.3 74.4 76.9 2.9 76.9 788.4 2.0 81.1 788.3 0
일본지역문화학과 7 47 6.71 : 1 81.3 69.5 80.3 3.1 77.0 783.6 3.0 78.8 780.5 5
중어중국학과 12 90 7.50 : 1 84.1 70.0 77.7 3.3 77.3 788.5 3.0 78.6 787.3 6
수학과 9 108 12.00 : 1 69.4 84.7 83.3 3.2 79.1 809.3 3.0 79.5 806.0 9
물리학과 12 84 7.00 : 1 70.2 89.1 75.8 3.3 78.4 804.2 3.0 75.1 799.0 12
화학과 12 132 11.00 : 1 75.8 85.6 78.1 3.3 79.8 813.8 4.0 80.0 807.5 12
패션산업학과 10 75 7.50 : 1 81.3 69.9 83.4 2.9 78.2 797.9 3.0 77.3 791.5 8
해양학과 7 57 8.14 : 1 71.1 82.9 78.3 3.3 77.4 793.4 3.0 80.4 793.0 12
사회복지학과 7 45 6.43 : 1 89.0 62.9 80.3 3.4 77.4 789.4 4.0 81.8 788.0 3
미디어커뮤니케이션학과 7 33 4.71 : 1 85.9 69.6 83.4 3.0 79.6 811.1 3.0 80.3 805.0 4
문헌정보학과 8 43 5.38 : 1 83.8 76.9 73.1 3.0 77.9 798.6 3.0 78.6 795.8 0
창의인재개발학과 7 49 7.00 : 1 85.4 66.9 81.8 3.3 78.0 794.8 3.0 79.9 795.3 1
행정학과 8 86 10.75 : 1 82.3 77.1 79.8 3.4 79.7 806.5 4.0 83.3 795.5 18
정치외교학과 9 58 6.44 : 1 85.8 72.3 81.4 3.3 79.8 810.1 4.0 75.1 797.8 10
경제학과 18 123 6.83 : 1 83.0 80.1 81.2 3.2 81.4 823.3 3.0 80.9 814.3 28
Global Trade & Service학부 32 225 7.03 : 1 82.9 73.0 81.2 2.6 79.0 806.7 1.0 77.5 801.5 32
소비자학과 10 68 6.80 : 1 85.2 67.4 82.6 3.4 78.4 795.8 4.0 80.1 785.3 7
기계공학과 35 168 4.80 : 1 76.2 82.8 80.9 3.1 80.0 814.9 4.0 83.4 810.0 7
전기공학과 21 97 4.62 : 1 73.1 84.3 82.8 3.0 80.0 817.6 3.0 83.5 812.0 5
전자공학부 34 158 4.65 : 1 76.1 85.9 81.9 3.1 81.3 827.7 4.0 82.9 822.5 11
산업경영공학과 17 118 6.94 : 1 68.2 80.8 86.9 2.8 78.6 808.1 2.0 79.6 802.5 11
신소재공학과 9 48 5.33 : 1 74.0 84.6 78.9 3.1 79.2 811.3 3.0 79.4 807.5 4
안전공학과 10 64 6.40 : 1 71.7 84.4 82.2 3.1 79.4 811.0 3.0 79.1 798.0 3
에너지화학공학과 11 58 5.27 : 1 76.8 85.3 80.2 2.8 80.8 824.3 1.0 80.4 813.0 3
바이오-로봇시스템공학과 10 123 12.30 : 1 73.5 84.5 81.5 2.8 79.8 817.2 3.0 81.3 807.5 2
컴퓨터공학부 31 176 5.68 : 1 73.0 84.1 85.6 3.4 80.9 822.5 5.0 84.3 816.0 51
정보통신공학과 21 158 7.52 : 1 71.6 84.0 84.1 2.9 79.9 818.0 2.0 78.8 814.5 21
임베디드시스템공학과 10 75 7.50 : 1 74.6 82.9 82.2 2.9 79.9 815.4 3.0 81.5 809.5 18
경영학부 29 128 4.41 : 1 82.0 76.6 79.4 3.0 79.4 808.8 4.0 85.0 802.5 20
데이터과학과 5 29 5.80 : 1 78.2 78.0 82.7 2.8 79.6 810.1 3.0 81.9 799.3 1
세무회계학과 8 34 4.25 : 1 82.0 80.8 74.6 2.8 79.1 811.5 3.0 81.1 804.3 0
한국화전공 7 21 3.00 : 1 53.0 - 33.9 4.3 43.4 140.9 5.0 26.8 116.9 8
디자인학부 14 67 4.79 : 1 88.2 52.1 85.7 2.9 75.4 824.3 2.0 79.5 815.0 11
공연예술학과 6 333 55.50 : 1 42.7 - 30.0 4.7 36.3 120.4 5.0 17.0 66.9 2
스포츠과학부 27 398 14.74 : 1 62.8 - 78.6 3.9 70.7 287.7 3.0 67.0 279.2 5
운동건강학부 23 90 3.91 : 1 73.7 - 86.3 3.3 80.0 491.7 4.0 76.3 462.0 5
국어교육과 6 32 5.33 : 1 88.2 79.0 78.8 2.8 82.0 836.2 3.0 81.4 821.3 7
영어교육과 6 40 6.67 : 1 73.2 78.2 88.9 2.5 80.1 807.4 2.0 84.6 801.3 12
일어교육과 6 33 5.50 : 1 82.5 72.2 78.7 3.0 77.8 794.9 3.0 80.8 796.0 1
수학교육과 8 43 5.38 : 1 75.4 88.9 81.9 2.9 82.1 837.7 2.0 80.3 834.5 4
체육교육과 7 43 6.14 : 1 81.7 - 90.8 3.0 86.3 434.8 3.0 83.8 424.4 1
유아교육과 8 57 7.13 : 1 81.3 79.0 74.0 3.4 78.1 795.1 4.0 77.5 782.0 7
역사교육과 3 25 8.33 : 1 90.0 75.0 76.2 2.7 80.4 826.4 2.0 76.4 833.3 2
윤리교육과 3 28 9.33 : 1 78.3 80.3 85.3 3.7 81.3 813.5 4.0 85.9 807.8 2
국립인천대학교 2026학년도 정시모집 일반학생전형 결과
전형 단과대학 모집단위
지원현황 최종 등록자 성적(평균) 최종 등록자 성적(70%Cut)1)
일반학생
인문대학
자연과학대학
사회과학대학
글로벌
정경대학
공과대학
정보기술대학
경영대학
예술체육대학
사범대학
충원 합격
모집
인원
지원
인원 경쟁률 국어
백분위
수학
백분위
탐구평균
백분위
영어
등급
백분위
평균2) 환산총점3) 영어
등급
백분위
평균2) 환산총점3)
예비번호4)
국립인천대학교 2026학년도 정시모집 일반학생전형 결과
전형 단과대학 모집단위
지원현황 최종 등록자 성적(평균) 최종 등록자 성적(70%Cut)1)
도시행정학과 7 64 9.14 : 1 80.7 71.7 84.7 2.7 79.0 805.3 3.0 83.9 800.3 8
건설환경공학전공 14 137 9.79 : 1 73.5 84.0 79.6 2.9 79.0 808.9 3.0 80.6 803.5 10
환경공학전공 7 88 12.57 : 1 71.1 84.1 84.2 3.3 79.8 814.0 3.0 83.3 811.0 7
도시공학과 9 82 9.11 : 1 74.3 80.2 83.4 3.1 79.3 808.8 2.0 83.3 806.5 3
도시건축학부 22 184 8.36 : 1 74.1 80.7 84.0 3.2 79.6 810.4 3.0 79.4 805.0 18
생명과학전공 8 49 6.13 : 1 72.1 79.6 82.9 3.0 78.2 799.6 3.0 81.6 797.0 5
분자의생명전공 8 39 4.88 : 1 72.3 76.9 88.8 3.1 79.3 809.3 3.0 82.5 803.5 1
생명공학전공 9 58 6.44 : 1 79.4 85.8 78.7 3.3 81.3 824.2 4.0 84.4 817.0 3
나노바이오공학전공 8 46 5.75 : 1 72.3 81.6 82.3 2.8 78.7 808.8 3.0 80.5 806.0 5
자유전공학부(인문) 27 159 5.89 : 1 85.5 74.3 77.4 2.8 79.0 810.5 2.0 82.0 805.0 17
자유전공학부(자연) 40 225 5.63 : 1 70.7 86.8 83.1 3.1 80.2 822.4 2.0 78.9 815.0 32
동북아국제통상전공 12 67 5.58 : 1 81.1 85.1 85.2 3.3 83.8 844.2 4.0 85.1 839.0 5
스마트물류공학전공 7 50 7.14 : 1 74.4 82.4 84.8 3.0 80.5 820.5 3.0 79.6 815.0 2
- 법학부 16 109 6.81 : 1 82.7 78.1 82.3 3.3 81.0 818.5 2.0 80.3 807.5 20
1) 성적 상위 약 70%에 해당하는 최종등록자의 성적
2) 국어, 수학, 탐구(2개 과목 평균)의 평균(단, 조형예술학부, 공연예술학과, 운동건강학부, 스포츠과학부, 체육교육과는 수학 제외)
3) 본교 성적산출 방식을 적용한 환산점수
    수능 총점
 - 조형예술학부, 공연예술학과: 300점
 - 스포츠과학부: 400점
 - 운동건강학부: 600점
 - 체육교육과: 500점
 - 그 외 모집단위: 1,000점
4) 합격자 중 예비 번호 순위가 가장 낮았던 자
일반학생
도시과학대학
생명과학
기술대학
융합자유전공
대학
-